1

15
0 3 36 11 19 4 18 37 2 28 22 31 37 36 10 3 0 37 19 44 44 47 14 6 47 21 24 41 22 29 36 37 0 6 19 25 36 6 1 32 35 15 29 8 7 11 19 6 0 6 15 38 41 19 16 23 10 10 16 48 19 44 19 6 0 14 42 9 4 11 28 23 13 48 21 4 44 25 15 14 0 4 31 36 37 35 48 13 22 35 18 47 36 38 42 4 0 5 7 6 41 25 34 27 9 37 14 6 41 9 31 5 0 46 21 34 33 42 20 35 2 6 1 19 4 36 7 46 0 19 23 36 49 19 49 28 47 32 16 11 37 6 21 19 0 49 33 24 2 42 22 21 35 23 28 35 41 34 23 49 0 5 25 4 27 31 24 15 10 23 48 25 33 36 33 5 0 23 4 49 37 41 29 10 13 13 34 42 49 24 25 23 0 34 16 36 22 8 16 48 22 27 20 19 2 4 4 34 0 3 10 29 7 48 21 35 9 35 49 42 27 49 16 3 0
11

4
0 10 20 0
10 0 0 20
20 0 0 20
0 20 20 0
0

2
0 25 25 0
0

3
0 1 43 1 0 6 43 6 0
2

13 28 41 0 
32 31 13 0 
